./20_8Othello
Fraction of win vs. random
0.45
0.82
0.88
0.89
0.91
0.94
0.95
0.96
0.93
0.96
0.95
0.99
0.99
0.97
0.97
0.96
0.96
0.97
0.95
0.98
Time use for play vs. random
0.06539999999999999
3.3122000000000007
3.2973000000000017
3.2874000000000008
3.2893
3.2983999999999987
3.2881000000000022
3.262299999999999
3.2744999999999997
3.262500000000001
3.3144000000000022
3.3078999999999996
3.276700000000001
3.2840000000000016
3.258599999999999
3.2649
3.2753999999999994
3.2084000000000015
3.266399999999999
3.2771000000000003
Time use for training
12.053266666666667
15.881433333333332
20.038333333333334
24.199816666666667
28.455283333333334
33.05505
37.28881666666667
41.51798333333333
45.908350000000006
49.60943333333333
53.55768333333333
57.84218333333333
61.9816
66.27293333333334
70.07605
74.16231666666665
78.87276666666666
82.42091666666667
86.96358333333333
91.12775
