./20_6Othello
Fraction of win vs. random
0.5
0.89
0.9
0.94
0.97
0.94
0.98
0.98
0.98
0.99
0.93
1.0
0.96
0.99
0.98
0.99
0.99
0.97
0.99
0.98
Time use for play vs. random
0.5109000000000014
1.4410999999999998
1.4073000000000002
1.3880999999999997
1.3761
1.3528999999999995
1.3537000000000001
1.3492999999999995
1.3497
1.3458
1.3228000000000002
1.3482999999999998
1.3179999999999996
1.3305000000000005
1.3318999999999996
1.345
1.3311
1.3352000000000004
1.3174999999999997
1.3079999999999992
Time use for training
6.409316666666667
11.855283333333334
11.361516666666667
19.136033333333334
17.864683333333335
23.694666666666667
29.031200000000002
24.693733333333334
38.65558333333333
36.26585
37.187583333333336
49.63245
43.8831
51.18171666666667
59.22571666666667
51.85521666666667
60.21076666666667
70.34808333333334
62.35843333333333
70.22758333333333
