./20_8VOthello
Fraction of win vs. random
0.55
0.89
0.96
0.95
0.99
0.92
0.94
0.96
0.98
0.92
0.95
0.95
0.94
0.96
0.98
0.97
0.99
0.98
0.97
0.98
Time use for play vs. random
0.06409999999999991
3.2908000000000004
3.2867999999999995
3.2684999999999995
3.3366000000000007
3.2677000000000005
3.244
3.296700000000001
3.260599999999999
3.265700000000001
3.2570000000000006
3.283399999999998
3.280399999999999
3.2770999999999986
3.3237999999999994
3.2251999999999996
3.2425999999999995
3.2533999999999996
3.250599999999999
3.2494000000000005
Time use for training
12.336283333333334
16.160266666666665
20.70876666666667
24.850966666666668
29.3288
33.984116666666665
38.384350000000005
42.7961
47.00015
51.678733333333334
55.84845
60.25715
64.6166
68.7371
73.54716666666667
77.96161666666667
82.22116666666668
86.54895
91.56905
95.24596666666666
